99.3
21.6
99.7
67.3
53.5
64
58.7
80.7
57.8
62.6
50.3
23.6
84.7
21.1
43.7
52
33.8
33.9
90.3
49.4
73
51.7
60.4
53.2
81.1
82.2
84.7
49.2
61.2
49.3
82
86.2
46.2
34.9
23.3
36.6
76.9
62.9
48.1
23.1
76.2
68.4
86.6
20.8
49.5
24.7
33
63.6
85.5
25.8
74.2
87.5
83.1
86.8
99.1
41.4
48.5
85.2
27.8
23.3
22.7
29.9
45.9
97.7
68.1
44.9
35.6
51.2
42.8
92.5
85.3
62.4
42.9
46.1
67.4
95.5
80.3
51.1
45.1
66.4
52.7
93
29.6
30.8
77.4
84.8
95.5
95.3
80.9
63.1
41.3
78.7
88.3
48.3
47.5
63
90.4
28.2
24.3
32.2
44.7
98.2
91
26.9
38.1
41.6
73.8
26
34.1
89.1
29
79.8
83.3
82
99.8
37.7
62.7
86.8
96.8
38.1
43.5
39.2
60.8
64.5
81.6
35.7
22.3
56.7
35.5
67.2
75.4
70.4
71.6
29.6
52.7
74.5
96.3
54.9
89.6
90.6
87.8
45.8
64.5
37.2
82
35
48.2
38.7
40.7
63.1
98.1
71.4
93.6
39.1
90.2
92.2
100.1
83.4
23.7
94.2
72.1
89.8
81.1
95.4
43.2
61.2
38.9
89.1
81.6
50.4
93.6
66.8
95
41
62.5
64.6
45.2
34.2
74.5
45.7
70.4
71.9
78.9
76.1
76.5
31.9
67.4
76.4
20.8
72.6
35.5
48.4
60.4
75.2
79.9
80.7
100
70.5
23.4
63.8
30.5
25
50.9
61.3
92.8
24
44.1
69.7
24.9
25.3
80.6
44.5
38.6
26.6
91.7
80.8
22.2
66.9
34.9
22.3
29.9
24.3
68.4
21.2
36.9
25.6
58.4
23.6
24.2
34.9
65.5
74.4
53.2
50.1
54.5
71.1
36.7
81.5
40.7
57.8
80.8
62.3
52
61.7
25.6
51.2
80
38.4
39.1
32.1
55.6
38
31.8
92.7
22.9
88.1
45.2
80.9
100.3
95.7
22.4
89.5
70.7
75.9
41.8
63.1
84.9
98
44.4
83.8
39.9
68.5
78.9
42.3
77.5
90.5
72.2
30.5
62.5
25.9
29.6
51.2
99.9
41.5
41.2
82
45.7
36.7
75.1
30.3
68.2
21.6
26.9
42.6
39.5
86.3
99.2
69.7
79.7
33.4
82.6
49.6
40.7
71.7
65.5
47.4
25.3
34
38.2
70.2
27.5
26.1
21.2
76.3
84.5
61.1
93.2
48.4
77.6
93
87.3
46.2
49.3
85.7
67.3
49.4
52.4
94.9
75.9
28.1
73.7
95.7
52.8
45.2
56.5
51.8
54.6
53.7
74.7
23.1
94.9
77.6
28
79.1
97.8
37.7
91.1
56.9
42.1
39.8
42.1
72
49.7
44.6
61.8
73.9
97.6
30.5
71.2
33.6
40.3
55.1
40.7
97.3
84.6
42.6
26.6
54.6
44
30.5
54
48.2
76.1
92.1
46
66.9
46.4
37
83.2
36
21.2
45.5
77.6
28
71.7
25
97.8
27.2
73.8
99.1
79.3
84.3
45.6
55
47.1
86.5
48.3
47.4
98.1
61.5
89.3
33.3
51.4
34.3
26.7
92.9
85.9
59.5
71.7
59
80.7
48.2
34.1
88.9
39.4
25
79.1
99.7
39.6
81
46.5
69.4
84.3
62.1
86.3
34.2
79.2
37.3
100.4
86
71.6
34.4
24.4
41.9
20.2
57
39.4
39
36.1
21.8
70
49.9
36.3
92.2
91.6
99.1
38.2
74
32.8
92.7
22
26.5
95.7
77.5
85.7
90.6
80.8
50
63.1
77.4
94.2
72.7
79.9
76.8
81.9
89.2
59.2
28
57.1
39.7
28.3
70
87
28
32.7
85.1
43.2
64.4
59.1
33.3
43.2
66.7
28.8
74.5
52.1
67.3
32.7
41.8
33.1
37.5
41.5
43.4
100.4
88.2
83.3
77.8
29.3
43.3
81.1
41
89
52.3
96.4
22.4
30.8
23.4
79.3
54.3
90.3
43.2
56.1
52.5
36.2
64.3
52.8
39.6
41.6
44.8
79.4
96.9
38.2
23.3
60.2
77.2
29.6
93.5
94.7
40.8
79.4
92
65.5
92.3
27.8
81.7
98.2
27.3
93.2
67.5
98
46.2
58.4
35.7
42.6
75.3
36.4
39.6
72.3
40.1
92.2
41.5
62.8
53.4
79.4
71.4
82.4
84
81.5
75.6
38.2
97.8
44.1
32.9
87.1
72
91.6
41
94.9
91
83.1
90
100.1
65.8
58
59.7
31.6
74.7
85.3
38.1
31.5
37
73.2
39.4
37.3
72.1
93.1
87.4
59.4
33.5
87.7
67.2
31.5
42.6
96.3
73.5
71.7
57.1
97.1
20.4
31.6
78.5
84.3
60.9
85
29.7
22.8
41.3
72.2
84.9
98.7
32.3
64.7
46.6
90.7
24.9
92
89.3
39.1
30.2
20.6
98.2
89.5
90.3
54.9
94
31.1
46.2
66.1
35.2
80.3
26.5
90.1
31.5
37
47.4
57
82
59.5
88.8
95.2
40
89
81.9
45.5
83.8
49
93.1
49.3
89.7
99.9
88.6
38.5
43.1
57.9
88.2
85
64.1
83.3
91.7
29.1
60.9
91.1
94.4
47.5
77.8
47
77.7
20.7
80.5
93.3
23.6
49
80.4
97.4
95.8
83.9
73.3
57
98.8
28.8
51.6
55.2
90.5
22.1
23.6
33.6
67.3
98.3
68.1
46.9
23.7
36.5
83.3
75.2
62.6
30.6
70.6
84.9
28.5
46.2
78.3
80.6
93.9
22
59
47.2
55.4
96.9
99.3
39
100.2
68.9
64.8
52.6
26.8
70
35
74.6
90.8
26.2
22.9
44.5
64.2
36
66.5
57.5
36.3
28.2
74.2
100.8
89.6
37.1
22.7
66.7
80
92.4
66.7
74
70.8
54.3
93
37.8
21.6
35.3
31.6
50.5
64.1
64.6
94
32.6
34.4
68.6
41.2
71.3
50.4
79.4
83.8
29.6
45.8
40.7
99.4
75.5
68.1
29.9
80.5
42.7
70
85.6
50.1
28.7
80.6
70.8
40.9
65.8
97.7
22.5
88.8
92.8
70.2
92.7
39.6
80.7
71.8
25
64.6
51.6
87.6
52.5
38
81.3
30.6
27.2
71.6
79.4
78.7
25.1
26
30.8
71.8
45.7
97.7
31.9
83.1
51.2
62.1
75.5
44.4
52.8
43.3
57.6
96
69.7
34.3
29.3
81.7
40.6
98.7
91.9
82.7
56.4
58.6
100.1
100.6
32.3
27.2
39.1
99.3
51
43
30.3
100.4
53
63.1
89.9
28.1
51
35.8
87.3
55.9
24
65.6
68.2
89
87.8
77.2
53.3
36.6
66.7
98.5
65.6
39.6
80.8
22.3
92.4
55.7
74.8
45.8
73.1
71
75
63
23.7
73.1
47.5
72.3
23.5
81.8
76
22.8
79.7
63.4
76.6
25
65.4
96.2
37.4
59.9
51.6
97.1
40.6
25.5
30.3
85
53.2
93.2
70.2
80
95.1
56.6
78.3
86.9
51.5
21
61.2
100.1
60.5
51.8
22
44.1
86.9
83.6
68.1
98.3
66.6
24.3
73.3
73.1
70.1
27.3
75.8
86.1
84
82.1
25
23.4
56.3
55.7
76.3
39.1
63.5
67.4
70.5
96.6
23
40.5
36.8
50.9
25.9
94.5
58.3
56.4
38.9
43.8
49.6
97.1
87.6
64
82.2
91.6
24.4
39.6
33.2
68.9
56.7
80
29.9
70.1
82.3
73.3
23.4
47.5
70.7
44.6
47.6
50.3
86
42.8
70.5
51.9
92
36.7
23
29.4
62.3
47
33.5
31
100.4
99.1
20
31.1
21.3
59.2
92.3
99.2
64.2
84.3
93
44.4
44.1
74.2
29.8
38.8
83.3
42.1
39.5
52.7
22.7
93.4
54.4
80.6
56.3
35
30
75.7
38.2
51
79.6
46.1
92.7
30
